25
0.002588 0.001215 0.002412 0.002459 0.002808 0.000608 0.001033 0.002366 0.000856 0.001706 0.001470 0.001937 0.001124 0.001581 0.002933 0.002822 0.001958 0.002209 0.000436 0.001870 0.000050 0.000748 0.000423 0.002477 0.000483 
0.001235 0.000400 0.000335 0.003077 0.000672 0.001580 0.002585 0.001887 0.000912 0.001964 0.001615 0.001520 0.002996 0.000901 0.002376 0.001622 0.002371 0.001233 0.002746 0.000873 0.001086 0.002488 0.002831 0.000215 0.002924 
0.001620 0.000265 0.000592 0.002043 0.002742 0.001075 0.000198 0.000062 0.001410 0.000194 0.000734 0.002990 0.002779 0.002621 0.000821 0.001663 0.001156 0.002342 0.001579 0.002057 0.001637 0.000121 0.001348 0.002870 0.002867 
0.002221 0.000876 0.002275 0.001971 0.001091 0.002119 0.000511 0.001356 0.002711 0.002554 0.001017 0.000705 0.002752 0.001079 0.002115 0.002946 0.001813 0.002025 0.002645 0.001354 0.002846 0.001227 0.002510 0.002107 0.002806 
0.001486 0.000665 0.002927 0.002834 0.000455 0.002714 0.001975 0.001330 0.001908 0.000866 0.002421 0.000947 0.001377 0.000696 0.000578 0.000851 0.001714 0.001283 0.000522 0.002793 0.000318 0.000388 0.001526 0.002342 0.003033 
0.002880 0.002108 0.001180 0.002309 0.001136 0.000906 0.000715 0.001800 0.000753 0.000469 0.002255 0.000386 0.002444 0.000505 0.002295 0.000230 0.002926 0.000162 0.001606 0.000543 0.000739 0.002457 0.002257 0.002022 0.002980 
0.001970 0.002340 0.000288 0.000416 0.001602 0.000241 0.000215 0.000630 0.001421 0.002525 0.001766 0.002327 0.000160 0.000486 0.003080 0.000629 0.002741 0.000386 0.003073 0.000167 0.002681 0.000223 0.000013 0.002843 0.001829 
0.000556 0.000502 0.001206 0.002812 0.002525 0.001106 0.001702 0.001785 0.001394 0.002117 0.000307 0.001635 0.002333 0.000937 0.003056 0.001777 0.002703 0.002303 0.001937 0.000109 0.002303 0.002566 0.002850 0.002690 0.002560 
0.003017 0.002291 0.002782 0.003030 0.002054 0.001532 0.000505 0.002557 0.002738 0.000237 0.002001 0.000764 0.001939 0.000706 0.002158 0.000976 0.001013 0.000713 0.000228 0.001950 0.000689 0.002006 0.001573 0.002992 0.000863 
0.001682 0.002215 0.000349 0.001452 0.001825 0.002909 0.001389 0.001036 0.002611 0.001338 0.000010 0.001062 0.001843 0.002567 0.000720 0.002081 0.001488 0.001484 0.000939 0.002193 0.000562 0.001915 0.000126 0.001275 0.002144 
0.002076 0.001964 0.001069 0.000569 0.001876 0.001932 0.002251 0.001011 0.002281 0.000623 0.002837 0.002109 0.002012 0.000792 0.001640 0.000270 0.000802 0.002702 0.002113 0.000289 0.000343 0.001114 0.001776 0.001827 0.002053 
0.000889 0.002389 0.000888 0.001015 0.000584 0.003032 0.000011 0.002548 0.001021 0.000580 0.001344 0.002953 0.002830 0.002356 0.002153 0.000373 0.002112 0.001182 0.002385 0.002905 0.002822 0.002655 0.000627 0.002445 0.001688 
0.000916 0.002787 0.002802 0.002692 0.001534 0.001775 0.000501 0.000844 0.002663 0.001517 0.001428 0.002615 0.001528 0.000896 0.000556 0.002107 0.002241 0.000428 0.001858 0.001517 0.002582 0.002231 0.000549 0.000684 0.001536 
0.000373 0.000426 0.001110 0.001000 0.002870 0.002798 0.001916 0.002578 0.002520 0.001528 0.001032 0.001215 0.002029 0.001875 0.000797 0.000466 0.000223 0.000332 0.001993 0.001120 0.000888 0.001021 0.000281 0.001316 0.002878 
0.001797 0.000818 0.002029 0.002346 0.001501 0.000484 0.002720 0.001927 0.001595 0.000640 0.001717 0.001313 0.002556 0.001215 0.000753 0.001004 0.002247 0.001967 0.003033 0.001042 0.002765 0.000419 0.001265 0.000017 0.002413 
0.002385 0.000905 0.000353 0.002666 0.002221 0.000151 0.001383 0.003038 0.002180 0.000650 0.001460 0.002665 0.000289 0.000307 0.001179 0.000929 0.002024 0.002492 0.000406 0.000159 0.000165 0.001410 0.002405 0.002132 0.001363 
0.000367 0.001816 0.001782 0.001632 0.001833 0.001115 0.000937 0.002737 0.001468 0.000523 0.001878 0.001619 0.001906 0.001836 0.000720 0.002556 0.000216 0.000304 0.002845 0.000523 0.001484 0.000695 0.002547 0.000896 0.001100 
0.002705 0.001060 0.002510 0.002030 0.000112 0.000793 0.002397 0.001928 0.002575 0.000949 0.000681 0.000610 0.001886 0.000338 0.002078 0.002409 0.002216 0.000617 0.001236 0.000972 0.001337 0.000711 0.001188 0.001641 0.000477 
0.001711 0.000045 0.001171 0.001177 0.000941 0.002271 0.000802 0.002001 0.001701 0.002832 0.002113 0.002494 0.002149 0.000961 0.001989 0.000018 0.001642 0.002599 0.001905 0.001980 0.001597 0.001234 0.001115 0.002214 0.002470 
0.002088 0.000471 0.000101 0.000196 0.002112 0.000578 0.001906 0.002157 0.001749 0.000003 0.000018 0.000940 0.000806 0.002019 0.002641 0.000558 0.001051 0.002056 0.002707 0.002012 0.000965 0.002726 0.000574 0.000484 0.001551 
0.002553 0.002081 0.002785 0.000589 0.001215 0.002175 0.002676 0.001686 0.002276 0.002872 0.000718 0.002854 0.001699 0.002875 0.001523 0.001702 0.002893 0.002463 0.002508 0.001831 0.002024 0.003066 0.002883 0.001000 0.002693 
0.001815 0.001964 0.002339 0.002388 0.002448 0.000809 0.001862 0.001449 0.000514 0.002450 0.002665 0.002689 0.002046 0.001271 0.001885 0.001839 0.001989 0.001659 0.000457 0.001783 0.000102 0.002159 0.001596 0.002565 0.001586 
0.000347 0.001509 0.001572 0.000149 0.002508 0.001185 0.001964 0.001393 0.000443 0.001272 0.000761 0.001253 0.000054 0.002210 0.001767 0.002504 0.001795 0.001376 0.001470 0.003065 0.000181 0.000229 0.001974 0.001840 0.000686 
0.000677 0.001941 0.002845 0.002273 0.001426 0.001351 0.002620 0.002934 0.002923 0.002769 0.002363 0.001027 0.001653 0.000675 0.001471 0.002926 0.001436 0.002724 0.002979 0.000566 0.001411 0.002403 0.002361 0.002787 0.000793 
0.002346 0.002968 0.001022 0.001239 0.001727 0.001708 0.001916 0.000588 0.001472 0.001109 0.002014 0.002823 0.000649 0.001868 0.002666 0.000338 0.001151 0.000613 0.001991 0.001826 0.002084 0.001837 0.000181 0.001728 0.001736 
